<?xml version="1.0"?>
<opencv_storage>
<cameraMatrix type_id="opencv-matrix">
  <rows>3</rows>
  <cols>3</cols>
  <dt>d</dt>
  <data>
    2.0646182608635922e+02 0. 1.5985886061042405e+02 0.
    2.2062151790021099e+02 1.2035577393511902e+02 0. 0. 1.</data></cameraMatrix>
<DistPara type_id="opencv-matrix">
  <rows>1</rows>
  <cols>5</cols>
  <dt>d</dt>
  <data>
    -4.0775663254024419e-01 1.3283541330144891e-01
    -2.5354199369837576e-03 -8.6693022787267243e-03
    5.0105819313456101e-03</data></DistPara>
</opencv_storage>
